-0.12830758  0.90136743 -0.14385939
-0.94860172 -0.59430552  0.93995905
 0.83333445  0.63360405 -0.31652737
-0.34251213  0.82419562 -0.59273887
 0.64000201  0.55603814 -0.47712231
-0.95348787  0.91589761 -0.29111028
-0.10423732 -0.34571886  0.82969594
-0.32515454  0.60054016 -0.72047687
 0.62174296 -0.09011745 -0.07549906
 0.99869275  0.59673452 -0.87081599
 0.72604632 -0.21070671  0.50942779
-0.44744325  0.93304038 -0.25656438
-0.60653377 -0.07332253  0.19569349
 0.36779356  0.81031203 -0.97543716
-0.914675    0.99405313 -0.5769012 
 0.46259212 -0.83117962 -0.65388918
-0.15524745  0.03370142  0.85208797
 0.97763562  0.20244575 -0.53771162
-0.89595509  0.82776761 -0.37181115
 0.1670239   0.29064178 -0.97358465
-0.11153936 -0.7814014  -0.75925541
 0.40806699  0.09417367 -0.17808628
-0.75659847  0.34199762  0.83795333
 0.29189849 -0.91728449 -0.62068772
-0.0273056   0.27347302  0.83596778